cluster15:
0,tcp,nnsp,SH,0,0,0,0,0,0,0,0,0,0,0,0,0,0,0,0,0,0,1,1,1.00,1.00,0.00,0.00,1.00,0.00,0.00,255,1,0.00,1.00,1.00,0.00,1.00,1.00,0.00,0.00,nmap.
0,tcp,nnsp,S0,0,0,0,0,0,0,0,0,0,0,0,0,0,0,0,0,0,0,71,8,1.00,1.00,0.00,0.00,0.11,0.07,0.00,255,8,0.03,0.07,0.00,0.00,1.00,1.00,0.00,0.00,neptune.
0,tcp,nnsp,S0,0,0,0,0,0,0,0,0,0,0,0,0,0,0,0,0,0,0,74,11,1.00,1.00,0.00,0.00,0.15,0.07,0.00,255,11,0.04,0.07,0.00,0.00,1.00,1.00,0.00,0.00,neptune.
0,tcp,nnsp,S0,0,0,0,0,0,0,0,0,0,0,0,0,0,0,0,0,0,0,120,15,1.00,1.00,0.00,0.00,0.12,0.06,0.00,255,15,0.06,0.05,0.00,0.00,1.00,1.00,0.00,0.00,neptune.
0,tcp,nnsp,S0,0,0,0,0,0,0,0,0,0,0,0,0,0,0,0,0,0,0,140,11,1.00,1.00,0.00,0.00,0.08,0.06,0.00,255,11,0.04,0.07,0.00,0.00,1.00,1.00,0.00,0.00,neptune.
0,tcp,nnsp,S0,0,0,0,0,0,0,0,0,0,0,0,0,0,0,0,0,0,0,104,19,1.00,1.00,0.00,0.00,0.18,0.06,0.00,255,19,0.07,0.07,0.00,0.00,1.00,1.00,0.00,0.00,neptune.
0,tcp,nnsp,S0,0,0,0,0,0,0,0,0,0,0,0,0,0,0,0,0,0,0,139,11,1.00,1.00,0.00,0.00,0.08,0.06,0.00,255,10,0.04,0.06,0.00,0.00,1.00,1.00,0.00,0.00,neptune.
0,tcp,nnsp,S0,0,0,0,0,0,0,0,0,0,0,0,0,0,0,0,0,0,0,146,18,1.00,1.00,0.00,0.00,0.12,0.05,0.00,255,17,0.07,0.06,0.00,0.00,1.00,1.00,0.00,0.00,neptune.
0,tcp,nnsp,S0,0,0,0,0,0,0,0,0,0,0,0,0,0,0,0,0,0,0,148,20,1.00,1.00,0.00,0.00,0.14,0.05,0.00,255,19,0.07,0.06,0.00,0.00,1.00,1.00,0.00,0.00,neptune.
0,tcp,nnsp,S0,0,0,0,0,0,0,0,0,0,0,0,0,0,0,0,0,0,0,96,1,1.00,1.00,0.00,0.00,0.01,0.07,0.00,255,20,0.08,0.06,0.00,0.00,1.00,1.00,0.00,0.00,neptune.
cluster0:
0,tcp,http,SF,162,4528,0,0,0,0,0,1,0,0,0,0,0,0,0,0,0,0,2,2,0.00,0.00,0.00,0.00,1.00,0.00,0.00,1,1,1.00,0.00,1.00,0.00,0.00,0.00,0.00,0.00,normal.
0,tcp,http,SF,239,1295,0,0,0,0,0,1,0,0,0,0,0,0,0,0,0,0,7,7,0.00,0.00,0.00,0.00,1.00,0.00,0.00,8,8,1.00,0.00,0.12,0.00,0.00,0.00,0.00,0.00,normal.
0,tcp,http,SF,238,1282,0,0,0,0,0,1,0,0,0,0,0,0,0,0,0,0,5,5,0.00,0.00,0.00,0.00,1.00,0.00,0.00,16,16,1.00,0.00,0.06,0.00,0.00,0.00,0.00,0.00,normal.
0,tcp,http,SF,238,1282,0,0,0,0,0,1,0,0,0,0,0,0,0,0,0,0,6,6,0.00,0.00,0.00,0.00,1.00,0.00,0.00,27,27,1.00,0.00,0.04,0.00,0.00,0.00,0.00,0.00,normal.
0,tcp,http,SF,220,1228,0,0,0,0,0,1,0,0,0,0,0,0,0,0,0,0,5,5,0.00,0.00,0.00,0.00,1.00,0.00,0.00,48,48,1.00,0.00,0.02,0.00,0.00,0.00,0.00,0.00,normal.
0,tcp,http,SF,222,1282,0,0,0,0,0,1,0,0,0,0,0,0,0,0,0,0,8,8,0.00,0.00,0.00,0.00,1.00,0.00,0.00,61,61,1.00,0.00,0.02,0.00,0.00,0.00,0.00,0.00,normal.
0,tcp,http,SF,204,11099,0,0,0,0,0,1,0,0,0,0,0,0,0,0,0,0,2,3,0.00,0.00,0.00,0.00,1.00,0.00,0.67,2,70,1.00,0.00,0.50,0.04,0.00,0.00,0.00,0.00,normal.
0,tcp,http,SF,213,920,0,0,0,0,0,1,0,0,0,0,0,0,0,0,0,0,21,21,0.00,0.00,0.00,0.00,1.00,0.00,0.00,21,112,1.00,0.00,0.05,0.04,0.00,0.00,0.00,0.00,normal.
0,tcp,http,SF,210,774,0,0,0,0,0,1,0,0,0,0,0,0,0,0,0,0,25,25,0.00,0.00,0.00,0.00,1.00,0.00,0.00,25,116,1.00,0.00,0.04,0.04,0.00,0.00,0.00,0.00,normal.
0,tcp,http,SF,221,827,0,0,0,0,0,1,0,0,0,0,0,0,0,0,0,0,4,4,0.00,0.00,0.00,0.00,1.00,0.00,0.00,31,122,1.00,0.00,0.03,0.04,0.00,0.00,0.00,0.00,normal.
cluster6:
0,udp,domain_u,SF,31,0,0,0,0,0,0,0,0,0,0,0,0,0,0,0,0,0,2,8,0.00,0.00,0.00,0.00,0.50,1.00,0.50,2,58,0.50,1.00,0.50,0.05,0.00,0.00,0.00,0.00,normal.
0,tcp,other,SF,2890,0,0,0,0,0,0,1,0,0,0,0,0,0,0,0,0,0,6,1,0.00,0.00,0.00,0.00,0.17,0.83,0.00,129,1,0.01,0.06,0.09,0.00,0.00,0.00,0.00,0.00,normal.
0,icmp,urp_i,SF,63,0,0,0,0,0,0,0,0,0,0,0,0,0,0,0,0,0,2,1,0.00,0.00,0.00,0.00,0.50,1.00,0.00,2,1,0.50,1.00,0.50,0.00,0.00,0.00,0.00,0.00,normal.
18494,tcp,telnet,SF,4813,27514,0,0,0,0,0,1,0,0,0,0,20,0,0,0,0,0,1,1,0.00,0.00,0.00,0.00,1.00,0.00,0.00,71,5,0.07,0.08,0.01,0.00,0.00,0.00,0.00,0.00,normal.
17198,tcp,telnet,SF,3982,28203,0,0,0,0,0,1,0,0,0,0,17,0,0,0,0,0,1,1,0.00,0.00,0.00,0.00,1.00,0.00,0.00,102,17,0.17,0.05,0.01,0.00,0.00,0.00,0.00,0.00,normal.
0,tcp,other,SF,40494,0,0,0,0,0,0,1,0,0,0,0,0,0,0,0,0,0,6,1,0.00,0.00,0.00,0.00,0.17,0.83,0.00,115,1,0.01,0.06,0.16,0.00,0.00,0.00,0.00,0.00,normal.
0,tcp,other,SF,4892,0,0,0,0,0,0,1,0,0,0,0,0,0,0,0,0,0,16,1,0.06,0.00,0.00,0.00,0.06,0.88,0.00,125,1,0.01,0.13,0.22,0.00,0.01,0.00,0.00,0.00,normal.
0,tcp,other,SF,59,0,0,0,0,0,0,1,0,0,0,0,0,0,0,0,0,0,17,1,0.06,0.00,0.00,0.00,0.06,0.88,0.00,126,1,0.01,0.13,0.23,0.00,0.01,0.00,0.00,0.00,normal.
24120,udp,domain_u,SF,88,42,0,0,0,0,0,0,0,0,0,0,0,0,0,0,0,0,2,4,0.00,0.00,0.00,0.00,1.00,0.00,0.50,26,18,0.69,0.08,0.31,0.00,0.00,0.00,0.00,0.00,normal.
4128,tcp,IRC,RSTR,876,9170,0,0,0,0,0,1,0,0,0,0,0,0,0,0,0,0,3,1,0.00,0.00,0.33,1.00,0.33,0.67,0.00,27,13,0.48,0.07,0.04,0.00,0.00,0.00,0.19,0.38,normal.
cluster18:
305,tcp,telnet,SF,1735,2766,0,0,0,3,0,1,2,1,0,0,1,0,0,0,0,0,1,1,0.00,0.00,0.00,0.00,1.00,0.00,0.00,2,4,1.00,0.00,0.50,0.50,0.00,0.00,0.00,0.00,buffer_overflow.
0,tcp,http,SF,332,1394,0,0,0,1,0,1,0,1,0,0,0,0,0,0,0,0,15,15,0.00,0.00,0.00,0.00,1.00,0.00,0.00,255,255,1.00,0.00,0.00,0.00,0.00,0.00,0.00,0.00,normal.
0,tcp,http,SF,231,5283,0,0,0,1,0,1,0,1,0,0,0,0,0,0,0,0,12,14,0.00,0.00,0.00,0.00,1.00,0.00,0.21,40,201,1.00,0.00,0.03,0.08,0.00,0.00,0.00,0.00,normal.
0,tcp,http,SF,200,2622,0,0,0,1,0,1,0,1,0,0,0,0,0,0,0,0,7,9,0.00,0.00,0.00,0.00,1.00,0.00,0.33,18,255,1.00,0.00,0.06,0.02,0.00,0.00,0.00,0.00,normal.
0,tcp,http,SF,200,2622,0,0,0,1,0,1,0,1,0,0,0,0,0,0,0,0,16,18,0.00,0.00,0.00,0.00,1.00,0.00,0.17,56,255,1.00,0.00,0.02,0.02,0.00,0.00,0.00,0.00,normal.
0,tcp,http,SF,339,1394,0,0,0,1,0,1,0,1,0,0,0,0,0,0,0,0,22,22,0.00,0.00,0.00,0.00,1.00,0.00,0.00,255,255,1.00,0.00,0.00,0.00,0.00,0.00,0.00,0.00,normal.
0,tcp,http,SF,274,60397,0,0,0,1,0,1,0,1,0,0,0,0,0,0,0,0,11,12,0.00,0.00,0.00,0.00,1.00,0.00,0.17,28,255,1.00,0.00,0.04,0.01,0.00,0.00,0.00,0.00,normal.
0,tcp,telnet,S1,142,26316,0,0,0,0,0,1,31,1,2,36,0,0,0,0,0,0,1,1,1.00,1.00,0.00,0.00,1.00,0.00,0.00,94,22,0.22,0.04,0.01,0.09,0.19,0.82,0.00,0.00,normal.
0,tcp,http,SF,218,2622,0,0,0,1,0,1,0,1,0,0,0,0,0,0,0,0,7,8,0.00,0.00,0.00,0.00,1.00,0.00,0.25,18,255,1.00,0.00,0.06,0.01,0.00,0.00,0.00,0.00,normal.
0,tcp,http,SF,246,1394,0,0,0,1,0,1,0,1,0,0,0,0,0,0,0,0,27,29,0.00,0.00,0.00,0.00,1.00,0.00,0.10,255,255,1.00,0.00,0.00,0.00,0.00,0.00,0.00,0.00,normal.
cluster3:
0,tcp,domain,REJ,0,0,0,0,0,0,0,0,0,0,0,0,0,0,0,0,0,0,1,1,0.00,0.00,1.00,1.00,1.00,0.00,0.00,34,2,0.03,1.00,0.03,1.00,0.00,0.00,0.97,0.50,ipsweep.
0,tcp,domain,SF,0,0,0,0,0,0,0,0,0,0,0,0,0,0,0,0,0,0,1,1,0.00,0.00,0.00,0.00,1.00,0.00,0.00,34,2,0.03,1.00,0.03,1.00,0.00,0.00,0.91,0.00,ipsweep.
0,tcp,domain,SF,48,487,0,0,0,0,0,1,0,0,0,0,0,0,0,0,0,0,69,1,0.00,0.00,0.00,0.00,0.01,0.03,0.00,255,1,0.00,0.01,0.00,0.00,0.00,0.00,0.00,0.00,normal.
0,tcp,domain,S0,0,0,0,0,0,0,0,0,0,0,0,0,0,0,0,0,0,0,133,8,1.00,1.00,0.00,0.00,0.06,0.06,0.00,255,6,0.02,0.06,0.00,0.00,1.00,1.00,0.00,0.00,neptune.
0,tcp,domain,S0,0,0,0,0,0,0,0,0,0,0,0,0,0,0,0,0,0,0,139,10,1.00,1.00,0.00,0.00,0.07,0.06,0.00,255,8,0.03,0.07,0.00,0.00,1.00,1.00,0.00,0.00,neptune.
0,tcp,domain,S0,0,0,0,0,0,0,0,0,0,0,0,0,0,0,0,0,0,0,140,11,1.00,1.00,0.00,0.00,0.08,0.06,0.00,255,9,0.04,0.07,0.00,0.00,1.00,1.00,0.00,0.00,neptune.
0,tcp,domain,S0,0,0,0,0,0,0,0,0,0,0,0,0,0,0,0,0,0,0,144,15,1.00,1.00,0.00,0.00,0.10,0.06,0.00,255,13,0.05,0.07,0.00,0.00,1.00,1.00,0.00,0.00,neptune.
0,tcp,domain,S0,0,0,0,0,0,0,0,0,0,0,0,0,0,0,0,0,0,0,148,18,1.00,1.00,0.00,0.00,0.12,0.06,0.00,255,16,0.06,0.07,0.00,0.00,1.00,1.00,0.00,0.00,neptune.
0,tcp,domain,S0,0,0,0,0,0,0,0,0,0,0,0,0,0,0,0,0,0,0,294,10,1.00,1.00,0.00,0.00,0.03,0.05,0.00,255,10,0.04,0.07,0.00,0.00,1.00,1.00,0.00,0.00,neptune.
0,tcp,domain,S0,0,0,0,0,0,0,0,0,0,0,0,0,0,0,0,0,0,0,298,12,1.00,1.00,0.00,0.00,0.04,0.05,0.00,255,12,0.05,0.07,0.00,0.00,1.00,1.00,0.00,0.00,neptune.
cluster9:
0,tcp,smtp,SF,2394,330,0,0,0,0,0,1,0,0,0,0,0,0,1,0,0,0,3,1,0.00,0.00,0.00,0.00,0.33,1.00,0.00,16,10,0.62,0.19,0.06,0.00,0.00,0.00,0.00,0.00,normal.
1,tcp,smtp,SF,898,331,0,0,0,0,0,1,0,0,0,0,0,0,0,0,0,0,1,1,0.00,0.00,0.00,0.00,1.00,0.00,0.00,19,13,0.68,0.16,0.05,0.00,0.00,0.00,0.00,0.00,normal.
1,tcp,smtp,SF,1096,327,0,0,0,0,0,1,0,0,0,0,0,0,0,0,0,0,1,2,0.00,0.00,0.00,0.00,1.00,0.00,1.00,20,14,0.70,0.15,0.05,0.00,0.00,0.00,0.00,0.00,normal.
0,tcp,smtp,SF,1192,328,0,0,0,0,0,1,0,0,0,0,0,0,0,0,0,0,1,1,0.00,0.00,0.00,0.00,1.00,0.00,0.00,36,23,0.64,0.11,0.03,0.00,0.00,0.00,0.00,0.00,normal.
0,tcp,smtp,SF,620,329,0,0,0,0,0,1,0,0,0,0,0,0,0,0,0,0,1,2,0.00,0.00,0.00,0.00,1.00,0.00,1.00,48,26,0.54,0.10,0.02,0.00,0.00,0.00,0.00,0.00,normal.
0,tcp,smtp,SF,3366,328,0,0,0,0,0,1,0,0,0,0,0,0,0,0,0,0,1,1,0.00,0.00,0.00,0.00,1.00,0.00,0.00,57,34,0.60,0.09,0.02,0.00,0.00,0.00,0.00,0.00,normal.
0,tcp,smtp,SF,842,279,0,0,0,0,0,1,0,0,0,0,0,0,0,0,0,0,2,1,0.00,0.00,0.00,0.00,0.50,1.00,0.00,68,41,0.60,0.07,0.01,0.00,0.00,0.00,0.00,0.00,normal.
0,tcp,smtp,SF,1100,330,0,0,0,0,0,1,0,0,0,0,0,0,0,0,0,0,1,1,0.00,0.00,0.00,0.00,1.00,0.00,0.00,70,43,0.61,0.07,0.01,0.00,0.00,0.00,0.00,0.00,normal.
0,tcp,smtp,SF,1348,328,0,0,0,0,0,1,0,0,0,0,0,0,0,0,0,0,1,1,0.00,0.00,0.00,0.00,1.00,0.00,0.00,82,52,0.63,0.06,0.01,0.00,0.00,0.00,0.00,0.00,normal.
0,tcp,smtp,SF,693,330,0,0,0,0,0,1,0,0,0,0,0,0,0,0,0,0,1,1,0.00,0.00,0.00,0.00,1.00,0.00,0.00,94,61,0.65,0.05,0.01,0.00,0.00,0.00,0.00,0.00,normal.
cluster12:
0,tcp,systat,S0,0,0,0,0,0,0,0,0,0,0,0,0,0,0,0,0,0,0,259,5,1.00,1.00,0.00,0.00,0.02,0.06,0.00,255,5,0.02,0.07,0.00,0.00,1.00,1.00,0.00,0.00,neptune.
0,tcp,systat,S0,0,0,0,0,0,0,0,0,0,0,0,0,0,0,0,0,0,0,271,6,1.00,1.00,0.00,0.00,0.02,0.06,0.00,255,6,0.02,0.07,0.00,0.00,1.00,1.00,0.00,0.00,neptune.
0,tcp,systat,S0,0,0,0,0,0,0,0,0,0,0,0,0,0,0,0,0,0,0,296,18,1.00,1.00,0.00,0.00,0.06,0.05,0.00,255,18,0.07,0.07,0.01,0.00,1.00,1.00,0.00,0.00,neptune.
0,tcp,systat,S0,0,0,0,0,0,0,0,0,0,0,0,0,0,0,0,0,0,0,299,19,1.00,1.00,0.00,0.00,0.06,0.05,0.00,255,19,0.07,0.07,0.01,0.00,1.00,1.00,0.00,0.00,neptune.
0,tcp,systat,S0,0,0,0,0,0,0,0,0,0,0,0,0,0,0,0,0,0,0,300,20,1.00,1.00,0.00,0.00,0.07,0.05,0.00,255,20,0.08,0.07,0.01,0.00,1.00,1.00,0.00,0.00,neptune.
0,tcp,systat,S0,0,0,0,0,0,0,0,0,0,0,0,0,0,0,0,0,0,0,234,3,1.00,1.00,0.00,0.00,0.01,0.06,0.00,255,3,0.01,0.07,0.00,0.00,1.00,1.00,0.00,0.00,neptune.
0,tcp,systat,S0,0,0,0,0,0,0,0,0,0,0,0,0,0,0,0,0,0,0,150,9,1.00,1.00,0.00,0.00,0.06,0.07,0.00,255,9,0.04,0.07,0.00,0.00,1.00,1.00,0.00,0.00,neptune.
0,tcp,systat,S0,0,0,0,0,0,0,0,0,0,0,0,0,0,0,0,0,0,0,245,3,1.00,1.00,0.00,0.00,0.01,0.07,0.00,255,3,0.01,0.06,0.00,0.00,1.00,1.00,0.00,0.00,neptune.
0,tcp,systat,S0,0,0,0,0,0,0,0,0,0,0,0,0,0,0,0,0,0,0,267,14,1.00,1.00,0.00,0.00,0.05,0.06,0.00,255,14,0.05,0.06,0.00,0.00,1.00,1.00,0.00,0.00,neptune.
0,tcp,systat,S0,0,0,0,0,0,0,0,0,0,0,0,0,0,0,0,0,0,0,203,4,1.00,1.00,0.00,0.00,0.02,0.07,0.00,255,4,0.02,0.07,0.00,0.00,1.00,1.00,0.00,0.00,neptune.
cluster13:
27,tcp,ftp,SF,1157,3380,0,0,0,24,0,1,0,0,0,0,0,0,0,0,0,1,1,1,0.00,0.00,0.00,0.00,1.00,0.00,0.00,19,14,0.74,0.11,0.05,0.00,0.00,0.00,0.00,0.00,normal.
20,tcp,ftp,SF,220,769,0,0,0,4,0,1,0,0,0,0,0,0,0,0,0,1,1,1,0.00,0.00,0.00,0.00,1.00,0.00,0.00,67,42,0.63,0.03,0.01,0.00,0.00,0.00,0.00,0.00,normal.
23,tcp,ftp,SF,340,1069,0,0,0,6,0,1,0,0,0,0,0,0,0,0,0,1,1,1,0.00,0.00,0.00,0.00,1.00,0.00,0.00,121,54,0.45,0.05,0.01,0.00,0.00,0.00,0.00,0.00,normal.
29,tcp,ftp,SF,858,2586,0,0,0,18,0,1,0,0,0,0,0,0,0,0,0,1,1,1,0.00,0.00,0.00,0.00,1.00,0.00,0.00,137,65,0.47,0.04,0.01,0.00,0.00,0.00,0.00,0.00,normal.
27,tcp,ftp,SF,1065,3081,0,0,0,22,0,1,0,0,0,0,0,0,0,0,0,1,1,1,0.00,0.00,0.00,0.00,1.00,0.00,0.00,33,13,0.39,0.06,0.03,0.00,0.00,0.00,0.00,0.00,normal.
20,tcp,ftp,SF,228,766,0,0,0,4,0,1,0,0,0,0,0,0,0,0,0,1,1,1,0.00,0.00,0.00,0.00,1.00,0.00,0.00,40,14,0.35,0.08,0.03,0.00,0.00,0.00,0.00,0.00,normal.
27,tcp,ftp,SF,1473,4152,0,0,0,30,0,1,0,0,0,0,0,0,0,0,0,1,1,1,0.00,0.00,0.00,0.00,1.00,0.00,0.00,52,16,0.31,0.06,0.02,0.00,0.00,0.00,0.00,0.00,normal.
20,tcp,ftp,SF,237,767,0,0,0,4,0,1,0,0,0,0,0,0,0,0,0,1,1,1,0.00,0.00,0.00,0.00,1.00,0.00,0.00,117,37,0.32,0.03,0.01,0.00,0.00,0.00,0.00,0.00,normal.
21,tcp,ftp,SF,239,774,0,0,0,4,0,1,0,0,0,0,0,0,0,0,0,1,1,1,0.00,0.00,0.00,0.00,1.00,0.00,0.00,28,10,0.36,0.14,0.04,0.00,0.00,0.00,0.00,0.00,normal.
23,tcp,ftp,SF,283,903,0,0,0,5,0,1,0,0,0,0,0,0,0,0,0,1,1,1,0.00,0.00,0.00,0.00,1.00,0.00,0.00,38,15,0.39,0.11,0.03,0.00,0.00,0.00,0.00,0.00,normal.
cluster19:
0,tcp,ftp_data,SF,4316,0,0,0,0,0,0,1,0,0,0,0,0,1,0,0,0,0,1,1,0.00,0.00,0.00,0.00,1.00,0.00,0.00,117,70,0.38,0.03,0.38,0.03,0.00,0.00,0.00,0.00,normal.
0,tcp,ftp_data,SF,4753,0,0,0,0,0,0,1,0,0,0,0,0,1,0,0,0,0,9,9,0.00,0.00,0.00,0.00,1.00,0.00,0.00,34,100,0.56,0.06,0.56,0.03,0.00,0.00,0.00,0.00,normal.
0,tcp,ftp_data,SF,4753,0,0,0,0,0,0,1,0,0,0,0,0,1,0,0,0,0,13,13,0.00,0.00,0.00,0.00,1.00,0.00,0.00,55,90,0.35,0.04,0.35,0.03,0.00,0.00,0.00,0.00,normal.
0,tcp,ftp_data,SF,4316,0,0,0,0,0,0,1,0,0,0,0,0,1,0,0,0,0,4,4,0.00,0.00,0.00,0.00,1.00,0.00,0.00,76,70,0.42,0.07,0.42,0.03,0.00,0.01,0.00,0.00,normal.
0,tcp,ftp_data,SF,4753,0,0,0,0,0,0,1,0,0,0,0,0,1,0,0,0,0,16,16,0.00,0.00,0.00,0.00,1.00,0.00,0.00,121,58,0.48,0.03,0.48,0.00,0.00,0.00,0.00,0.00,normal.
0,tcp,ftp_data,SF,4316,0,0,0,0,0,0,1,0,0,0,0,0,1,0,0,0,0,6,6,0.00,0.00,0.00,0.00,1.00,0.00,0.00,89,39,0.44,0.06,0.44,0.00,0.00,0.00,0.00,0.00,normal.
0,tcp,ftp_data,SF,4316,0,0,0,0,0,0,1,0,0,0,0,0,1,0,0,0,0,11,11,0.00,0.00,0.00,0.00,1.00,0.00,0.00,37,110,0.46,0.08,0.46,0.03,0.00,0.00,0.00,0.00,normal.
0,tcp,ftp_data,SF,4316,0,0,0,0,0,0,1,0,0,0,0,0,1,0,0,0,0,15,15,0.00,0.00,0.00,0.00,1.00,0.00,0.00,167,67,0.37,0.02,0.37,0.03,0.00,0.00,0.00,0.00,normal.
0,tcp,ftp_data,SF,4316,0,0,0,0,0,0,1,0,0,0,0,0,1,0,0,0,0,6,6,0.00,0.00,0.00,0.00,1.00,0.00,0.00,163,58,0.36,0.03,0.36,0.00,0.00,0.00,0.00,0.00,normal.
198,tcp,telnet,SF,562,9139,0,0,0,3,0,1,22,1,0,39,4,2,0,0,0,0,1,1,0.00,0.00,0.00,0.00,1.00,0.00,0.00,1,1,1.00,0.00,1.00,0.00,0.00,0.00,0.00,0.00,multihop.
cluster4:
0,tcp,telnet,S0,0,0,0,0,0,0,0,0,0,0,0,0,0,0,0,0,0,0,16,15,0.94,1.00,0.00,0.00,0.94,0.12,0.00,15,16,1.00,0.00,0.07,0.12,1.00,0.94,0.00,0.00,neptune.
0,tcp,telnet,S1,0,0,0,0,0,1,0,0,0,0,0,0,0,0,0,0,0,0,1,1,1.00,1.00,0.00,0.00,1.00,0.00,0.00,127,2,0.02,0.04,0.01,0.00,0.02,1.00,0.00,0.00,normal.
0,tcp,private,S0,0,0,0,0,0,0,0,0,0,0,0,0,0,0,0,0,0,0,151,2,0.10,1.00,0.90,0.00,0.01,0.58,0.00,255,2,0.01,0.35,0.59,0.00,0.06,1.00,0.53,0.00,portsweep.
0,tcp,telnet,S1,0,0,0,0,0,0,0,0,0,0,0,0,0,0,0,0,0,0,1,1,1.00,1.00,0.00,0.00,1.00,0.00,0.00,136,1,0.01,0.04,0.01,0.00,0.01,1.00,0.00,0.00,normal.
0,tcp,private,S0,0,0,0,0,0,0,0,0,0,0,0,0,0,0,0,0,0,0,5,1,0.80,1.00,0.20,0.00,0.20,0.60,0.00,255,1,0.00,0.02,0.02,0.00,0.02,1.00,0.00,0.00,portsweep.
0,tcp,supdup,S0,0,0,0,0,0,0,0,0,0,0,0,0,0,0,0,0,0,0,13,3,0.77,1.00,0.23,0.00,0.23,0.46,0.00,255,3,0.01,0.03,0.05,0.00,0.04,1.00,0.01,0.00,portsweep.
0,tcp,private,S0,0,0,0,0,0,0,0,0,0,0,0,0,0,0,0,0,0,0,20,1,0.80,1.00,0.20,0.00,0.05,0.45,0.00,255,1,0.00,0.04,0.08,0.00,0.06,1.00,0.02,0.00,portsweep.
0,tcp,private,S0,0,0,0,0,0,0,0,0,0,0,0,0,0,0,0,0,0,0,25,1,0.80,1.00,0.20,0.00,0.04,0.44,0.00,255,1,0.00,0.05,0.10,0.00,0.08,1.00,0.02,0.00,portsweep.
0,tcp,private,S0,0,0,0,0,0,0,0,0,0,0,0,0,0,0,0,0,0,0,31,2,0.81,1.00,0.19,0.00,0.06,0.42,0.00,255,2,0.01,0.05,0.12,0.00,0.10,1.00,0.02,0.00,portsweep.
0,tcp,private,S0,0,0,0,0,0,0,0,0,0,0,0,0,0,0,0,0,0,0,36,1,0.81,1.00,0.19,0.00,0.03,0.42,0.00,255,1,0.00,0.06,0.14,0.00,0.11,1.00,0.03,0.00,portsweep.
cluster16:
0,tcp,link,S0,0,0,0,0,0,0,0,0,0,0,0,0,0,0,0,0,0,0,226,5,1.00,1.00,0.00,0.00,0.02,0.06,0.00,255,5,0.02,0.07,0.00,0.00,1.00,1.00,0.00,0.00,neptune.
0,tcp,link,S0,0,0,0,0,0,0,0,0,0,0,0,0,0,0,0,0,0,0,114,5,1.00,1.00,0.00,0.00,0.04,0.07,0.00,255,5,0.02,0.07,0.00,0.00,1.00,1.00,0.00,0.00,neptune.
0,tcp,link,S0,0,0,0,0,0,0,0,0,0,0,0,0,0,0,0,0,0,0,267,5,1.00,1.00,0.00,0.00,0.02,0.07,0.00,255,5,0.02,0.08,0.00,0.00,1.00,1.00,0.00,0.00,neptune.
0,tcp,link,S0,0,0,0,0,0,0,0,0,0,0,0,0,0,0,0,0,0,0,276,10,1.00,1.00,0.00,0.00,0.04,0.07,0.00,255,10,0.04,0.08,0.00,0.00,1.00,1.00,0.00,0.00,neptune.
0,tcp,link,S0,0,0,0,0,0,0,0,0,0,0,0,0,0,0,0,0,0,0,241,5,1.00,1.00,0.00,0.00,0.02,0.07,0.00,255,5,0.02,0.08,0.00,0.00,1.00,1.00,0.00,0.00,neptune.
0,tcp,link,S0,0,0,0,0,0,0,0,0,0,0,0,0,0,0,0,0,0,0,249,8,1.00,1.00,0.00,0.00,0.03,0.07,0.00,255,8,0.03,0.08,0.00,0.00,1.00,1.00,0.00,0.00,neptune.
0,tcp,link,S0,0,0,0,0,0,0,0,0,0,0,0,0,0,0,0,0,0,0,257,12,1.00,1.00,0.00,0.00,0.05,0.07,0.00,255,12,0.05,0.08,0.00,0.00,1.00,1.00,0.00,0.00,neptune.
0,tcp,link,S0,0,0,0,0,0,0,0,0,0,0,0,0,0,0,0,0,0,0,265,16,1.00,1.00,0.00,0.00,0.06,0.06,0.00,255,16,0.06,0.08,0.00,0.00,1.00,1.00,0.00,0.00,neptune.
0,tcp,link,S0,0,0,0,0,0,0,0,0,0,0,0,0,0,0,0,0,0,0,231,10,1.00,1.00,0.00,0.00,0.04,0.07,0.00,255,10,0.04,0.07,0.00,0.00,1.00,1.00,0.00,0.00,neptune.
0,tcp,link,S0,0,0,0,0,0,0,0,0,0,0,0,0,0,0,0,0,0,0,242,15,1.00,1.00,0.00,0.00,0.06,0.07,0.00,255,15,0.06,0.07,0.00,0.00,1.00,1.00,0.00,0.00,neptune.
cluster1:
0,icmp,ecr_i,SF,30,0,0,0,0,0,0,0,0,0,0,0,0,0,0,0,0,0,1,1,0.00,0.00,0.00,0.00,1.00,0.00,0.00,10,11,1.00,0.00,1.00,0.18,0.00,0.00,0.00,0.00,normal.
0,icmp,ecr_i,SF,30,0,0,0,0,0,0,0,0,0,0,0,0,0,0,0,0,0,1,1,0.00,0.00,0.00,0.00,1.00,0.00,0.00,12,13,1.00,0.00,1.00,0.15,0.00,0.00,0.00,0.00,normal.
0,icmp,ecr_i,SF,30,0,0,0,0,0,0,0,0,0,0,0,0,0,0,0,0,0,1,1,0.00,0.00,0.00,0.00,1.00,0.00,0.00,18,19,1.00,0.00,1.00,0.11,0.00,0.00,0.00,0.00,normal.
0,icmp,ecr_i,SF,30,0,0,0,0,0,0,0,0,0,0,0,0,0,0,0,0,0,1,1,0.00,0.00,0.00,0.00,1.00,0.00,0.00,21,22,1.00,0.00,1.00,0.09,0.00,0.00,0.00,0.00,normal.
0,icmp,ecr_i,SF,30,0,0,0,0,0,0,0,0,0,0,0,0,0,0,0,0,0,1,1,0.00,0.00,0.00,0.00,1.00,0.00,0.00,31,32,1.00,0.00,1.00,0.06,0.00,0.00,0.00,0.00,normal.
0,icmp,ecr_i,SF,30,0,0,0,0,0,0,0,0,0,0,0,0,0,0,0,0,0,1,1,0.00,0.00,0.00,0.00,1.00,0.00,0.00,57,58,1.00,0.00,1.00,0.03,0.00,0.00,0.00,0.00,normal.
0,icmp,ecr_i,SF,30,0,0,0,0,0,0,0,0,0,0,0,0,0,0,0,0,0,1,1,0.00,0.00,0.00,0.00,1.00,0.00,0.00,76,77,1.00,0.00,1.00,0.03,0.00,0.00,0.00,0.00,normal.
0,icmp,ecr_i,SF,30,0,0,0,0,0,0,0,0,0,0,0,0,0,0,0,0,0,1,1,0.00,0.00,0.00,0.00,1.00,0.00,0.00,79,80,1.00,0.00,1.00,0.03,0.00,0.00,0.00,0.00,normal.
0,icmp,ecr_i,SF,30,0,0,0,0,0,0,0,0,0,0,0,0,0,0,0,0,0,1,1,0.00,0.00,0.00,0.00,1.00,0.00,0.00,14,14,1.00,0.00,1.00,0.00,0.00,0.00,0.00,0.00,normal.
0,icmp,ecr_i,SF,30,0,0,0,0,0,0,0,0,0,0,0,0,0,0,0,0,0,1,1,0.00,0.00,0.00,0.00,1.00,0.00,0.00,21,21,1.00,0.00,1.00,0.00,0.00,0.00,0.00,0.00,normal.
cluster7:
0,tcp,daytime,S0,0,0,0,0,0,0,0,0,0,0,0,0,0,0,0,0,0,0,260,8,1.00,1.00,0.00,0.00,0.03,0.07,0.00,255,8,0.03,0.07,0.00,0.00,1.00,1.00,0.00,0.00,neptune.
0,tcp,daytime,S0,0,0,0,0,0,0,0,0,0,0,0,0,0,0,0,0,0,0,268,12,1.00,1.00,0.00,0.00,0.04,0.07,0.00,255,12,0.05,0.07,0.00,0.00,1.00,1.00,0.00,0.00,neptune.
0,tcp,daytime,S0,0,0,0,0,0,0,0,0,0,0,0,0,0,0,0,0,0,0,217,6,1.00,1.00,0.00,0.00,0.03,0.08,0.00,255,6,0.02,0.08,0.00,0.00,1.00,1.00,0.00,0.00,neptune.
0,tcp,daytime,S0,0,0,0,0,0,0,0,0,0,0,0,0,0,0,0,0,0,0,229,12,1.00,1.00,0.00,0.00,0.05,0.08,0.00,255,12,0.05,0.08,0.00,0.00,1.00,1.00,0.00,0.00,neptune.
0,tcp,daytime,S0,0,0,0,0,0,0,0,0,0,0,0,0,0,0,0,0,0,0,230,13,1.00,1.00,0.00,0.00,0.06,0.08,0.00,255,13,0.05,0.08,0.00,0.00,1.00,1.00,0.00,0.00,neptune.
0,tcp,daytime,S0,0,0,0,0,0,0,0,0,0,0,0,0,0,0,0,0,0,0,206,2,1.00,1.00,0.00,0.00,0.01,0.07,0.00,255,2,0.01,0.09,0.00,0.00,1.00,1.00,0.00,0.00,neptune.
0,tcp,daytime,S0,0,0,0,0,0,0,0,0,0,0,0,0,0,0,0,0,0,0,213,5,1.00,1.00,0.00,0.00,0.02,0.07,0.00,255,5,0.02,0.09,0.00,0.00,1.00,1.00,0.00,0.00,neptune.
0,tcp,daytime,S0,0,0,0,0,0,0,0,0,0,0,0,0,0,0,0,0,0,0,257,13,1.00,1.00,0.00,0.00,0.05,0.06,0.00,255,13,0.05,0.07,0.00,0.00,1.00,1.00,0.00,0.00,neptune.
0,tcp,daytime,S0,0,0,0,0,0,0,0,0,0,0,0,0,0,0,0,0,0,0,261,15,1.00,1.00,0.00,0.00,0.06,0.06,0.00,255,15,0.06,0.07,0.00,0.00,1.00,1.00,0.00,0.00,neptune.
0,tcp,daytime,S0,0,0,0,0,0,0,0,0,0,0,0,0,0,0,0,0,0,0,147,7,1.00,1.00,0.00,0.00,0.05,0.07,0.00,255,7,0.03,0.07,0.00,0.00,1.00,1.00,0.00,0.00,neptune.
cluster10:
0,tcp,pop_2,S0,0,0,0,0,0,0,0,0,0,0,0,0,0,0,0,0,0,0,264,16,1.00,1.00,0.00,0.00,0.06,0.06,0.00,255,16,0.06,0.08,0.00,0.00,1.00,1.00,0.00,0.00,neptune.
0,tcp,pop_2,S0,0,0,0,0,0,0,0,0,0,0,0,0,0,0,0,0,0,0,268,18,1.00,1.00,0.00,0.00,0.07,0.06,0.00,255,18,0.07,0.08,0.00,0.00,1.00,1.00,0.00,0.00,neptune.
0,tcp,pop_2,S0,0,0,0,0,0,0,0,0,0,0,0,0,0,0,0,0,0,0,124,5,1.00,1.00,0.00,0.00,0.04,0.06,0.00,255,2,0.01,0.07,0.00,0.00,1.00,1.00,0.00,0.00,neptune.
0,tcp,pop_2,S0,0,0,0,0,0,0,0,0,0,0,0,0,0,0,0,0,0,0,136,11,1.00,1.00,0.00,0.00,0.08,0.06,0.00,255,7,0.03,0.07,0.00,0.00,1.00,1.00,0.00,0.00,neptune.
0,tcp,pop_2,S0,0,0,0,0,0,0,0,0,0,0,0,0,0,0,0,0,0,0,262,3,1.00,1.00,0.00,0.00,0.01,0.06,0.00,255,3,0.01,0.07,0.00,0.00,1.00,1.00,0.00,0.00,neptune.
0,tcp,pop_2,S0,0,0,0,0,0,0,0,0,0,0,0,0,0,0,0,0,0,0,238,4,1.00,1.00,0.00,0.00,0.02,0.07,0.00,255,4,0.02,0.07,0.00,0.00,1.00,1.00,0.00,0.00,neptune.
0,tcp,pop_2,S0,0,0,0,0,0,0,0,0,0,0,0,0,0,0,0,0,0,0,245,7,1.00,1.00,0.00,0.00,0.03,0.07,0.00,255,7,0.03,0.07,0.00,0.00,1.00,1.00,0.00,0.00,neptune.
0,tcp,pop_2,S0,0,0,0,0,0,0,0,0,0,0,0,0,0,0,0,0,0,0,261,15,1.00,1.00,0.00,0.00,0.06,0.07,0.00,255,15,0.06,0.08,0.00,0.00,1.00,1.00,0.00,0.00,neptune.
0,tcp,pop_2,S0,0,0,0,0,0,0,0,0,0,0,0,0,0,0,0,0,0,0,254,1,1.00,1.00,0.00,0.00,0.00,0.06,0.00,255,1,0.00,0.07,0.00,0.00,1.00,1.00,0.00,0.00,neptune.
0,tcp,pop_2,S0,0,0,0,0,0,0,0,0,0,0,0,0,0,0,0,0,0,0,257,2,1.00,1.00,0.00,0.00,0.01,0.06,0.00,255,2,0.01,0.07,0.00,0.00,1.00,1.00,0.00,0.00,neptune.
cluster11:
0,tcp,vmnet,S0,0,0,0,0,0,0,0,0,0,0,0,0,0,0,0,0,0,0,196,1,1.00,1.00,0.00,0.00,0.01,0.07,0.00,255,1,0.00,0.08,0.00,0.00,1.00,1.00,0.00,0.00,neptune.
0,tcp,vmnet,S0,0,0,0,0,0,0,0,0,0,0,0,0,0,0,0,0,0,0,200,20,1.00,1.00,0.00,0.00,0.10,0.07,0.00,255,20,0.08,0.08,0.00,0.00,1.00,1.00,0.00,0.00,neptune.
0,tcp,vmnet,S0,0,0,0,0,0,0,0,0,0,0,0,0,0,0,0,0,0,0,142,4,1.00,1.00,0.00,0.00,0.03,0.06,0.00,255,3,0.01,0.08,0.00,0.00,1.00,1.00,0.00,0.00,neptune.
0,tcp,vmnet,S0,0,0,0,0,0,0,0,0,0,0,0,0,0,0,0,0,0,0,265,7,1.00,1.00,0.00,0.00,0.03,0.07,0.00,255,7,0.03,0.08,0.00,0.00,1.00,1.00,0.00,0.00,neptune.
0,tcp,vmnet,S0,0,0,0,0,0,0,0,0,0,0,0,0,0,0,0,0,0,0,274,12,1.00,1.00,0.00,0.00,0.04,0.07,0.00,255,12,0.05,0.08,0.00,0.00,1.00,1.00,0.00,0.00,neptune.
0,tcp,vmnet,S0,0,0,0,0,0,0,0,0,0,0,0,0,0,0,0,0,0,0,234,16,1.00,1.00,0.00,0.00,0.07,0.06,0.00,255,16,0.06,0.07,0.00,0.00,1.00,1.00,0.00,0.00,neptune.
0,tcp,vmnet,S0,0,0,0,0,0,0,0,0,0,0,0,0,0,0,0,0,0,0,270,6,1.00,1.00,0.00,0.00,0.02,0.06,0.00,255,6,0.02,0.07,0.00,0.00,1.00,1.00,0.00,0.00,neptune.
0,tcp,vmnet,S0,0,0,0,0,0,0,0,0,0,0,0,0,0,0,0,0,0,0,272,7,1.00,1.00,0.00,0.00,0.03,0.06,0.00,255,7,0.03,0.07,0.00,0.00,1.00,1.00,0.00,0.00,neptune.
0,tcp,vmnet,S0,0,0,0,0,0,0,0,0,0,0,0,0,0,0,0,0,0,0,293,17,1.00,1.00,0.00,0.00,0.06,0.05,0.00,255,17,0.07,0.07,0.00,0.00,1.00,1.00,0.00,0.00,neptune.
0,tcp,vmnet,S0,0,0,0,0,0,0,0,0,0,0,0,0,0,0,0,0,0,0,213,5,1.00,1.00,0.00,0.00,0.02,0.08,0.00,255,5,0.02,0.09,0.00,0.00,1.00,1.00,0.00,0.00,neptune.
cluster14:
0,tcp,other,REJ,0,0,0,0,0,0,0,0,0,0,0,0,0,0,0,0,0,0,1,1,0.00,0.00,1.00,1.00,1.00,0.00,0.00,2,2,1.00,0.00,0.50,0.00,0.00,0.00,1.00,1.00,normal.
0,tcp,other,REJ,0,0,0,0,0,0,0,0,0,0,0,0,0,0,0,0,0,0,1,1,0.00,0.00,1.00,1.00,1.00,0.00,0.00,27,27,1.00,0.00,0.04,0.00,0.00,0.00,1.00,1.00,normal.
0,tcp,other,REJ,0,0,0,0,0,0,0,0,0,0,0,0,0,0,0,0,0,0,1,1,0.00,0.00,1.00,1.00,1.00,0.00,0.00,32,32,1.00,0.00,0.03,0.00,0.00,0.00,1.00,1.00,normal.
0,tcp,other,REJ,0,0,0,0,0,0,0,0,0,0,0,0,0,0,0,0,0,0,1,1,0.00,0.00,1.00,1.00,1.00,0.00,0.00,36,36,1.00,0.00,0.03,0.00,0.00,0.00,1.00,1.00,normal.
0,tcp,other,REJ,0,0,0,0,0,0,0,0,0,0,0,0,0,0,0,0,0,0,1,1,0.00,0.00,1.00,1.00,1.00,0.00,0.00,7,7,1.00,0.00,0.14,0.00,0.00,0.00,1.00,1.00,normal.
0,tcp,other,REJ,0,0,0,0,0,0,0,0,0,0,0,0,0,0,0,0,0,0,1,1,0.00,0.00,1.00,1.00,1.00,0.00,0.00,21,21,1.00,0.00,0.05,0.00,0.00,0.00,1.00,1.00,normal.
0,tcp,other,REJ,0,0,0,0,0,0,0,0,0,0,0,0,0,0,0,0,0,0,1,1,0.00,0.00,1.00,1.00,1.00,0.00,0.00,5,5,1.00,0.00,0.20,0.00,0.00,0.00,1.00,1.00,normal.
0,tcp,other,REJ,0,0,0,0,0,0,0,0,0,0,0,0,0,0,0,0,0,0,1,1,0.00,0.00,1.00,1.00,1.00,0.00,0.00,18,18,1.00,0.00,0.06,0.00,0.00,0.00,1.00,1.00,normal.
0,tcp,other,REJ,0,0,0,0,0,0,0,0,0,0,0,0,0,0,0,0,0,0,1,1,0.00,0.00,1.00,1.00,1.00,0.00,0.00,26,26,1.00,0.00,0.04,0.00,0.00,0.00,1.00,1.00,normal.
0,tcp,other,REJ,0,0,0,0,0,0,0,0,0,0,0,0,0,0,0,0,0,0,1,1,0.00,0.00,1.00,1.00,1.00,0.00,0.00,35,35,1.00,0.00,0.03,0.00,0.00,0.00,1.00,1.00,normal.
cluster17:
1,tcp,private,RSTOS0,0,0,0,0,0,0,0,0,0,0,0,0,0,0,0,0,0,0,133,1,0.02,0.00,0.98,1.00,0.01,0.58,0.00,255,1,0.00,0.30,0.52,0.00,0.01,0.00,0.53,1.00,portsweep.
1,tcp,http,RSTOS0,1,0,0,0,0,0,0,0,0,0,0,0,0,0,0,0,0,0,136,3,0.03,0.67,0.97,0.33,0.02,0.57,0.00,255,3,0.01,0.31,0.53,0.00,0.02,0.67,0.52,0.33,portsweep.
1,tcp,private,RSTOS0,0,0,0,0,0,0,0,0,0,0,0,0,0,0,0,0,0,0,6,2,0.67,0.50,0.33,0.50,0.33,0.50,0.00,255,2,0.01,0.02,0.02,0.00,0.02,0.50,0.01,0.50,portsweep.
1,tcp,private,RSTOS0,0,0,0,0,0,0,0,0,0,0,0,0,0,0,0,0,0,0,27,3,0.78,0.67,0.22,0.33,0.11,0.41,0.00,255,3,0.01,0.05,0.11,0.00,0.08,0.67,0.02,0.33,portsweep.
1,tcp,private,RSTOS0,0,0,0,0,0,0,0,0,0,0,0,0,0,0,0,0,0,0,75,3,0.79,0.67,0.21,0.33,0.04,0.37,0.00,255,3,0.01,0.11,0.29,0.00,0.23,0.67,0.06,0.33,portsweep.
1,tcp,private,RSTOS0,0,0,0,0,0,0,0,0,0,0,0,0,0,0,0,0,0,0,97,2,0.75,0.50,0.25,0.50,0.02,0.37,0.00,255,2,0.01,0.14,0.38,0.00,0.29,0.50,0.09,0.50,portsweep.
1,tcp,private,RSTOS0,0,0,0,0,0,0,0,0,0,0,0,0,0,0,0,0,0,0,106,3,0.75,0.67,0.25,0.33,0.03,0.37,0.00,255,3,0.01,0.15,0.42,0.00,0.31,0.67,0.11,0.33,portsweep.
1,tcp,private,RSTOS0,0,0,0,0,0,0,0,0,0,0,0,0,0,0,0,0,0,0,135,2,0.73,0.50,0.27,0.50,0.01,0.36,0.00,255,2,0.01,0.19,0.53,0.00,0.38,0.50,0.15,0.50,portsweep.
1,tcp,private,RSTOS0,0,0,0,0,0,0,0,0,0,0,0,0,0,0,0,0,0,0,147,2,0.71,0.50,0.29,0.50,0.01,0.37,0.00,255,2,0.01,0.22,0.58,0.00,0.41,0.50,0.17,0.50,portsweep.
1,tcp,private,RSTOS0,0,0,0,0,0,0,0,0,0,0,0,0,0,0,0,0,0,0,157,2,0.69,0.50,0.31,0.50,0.01,0.38,0.00,255,2,0.01,0.24,0.62,0.00,0.43,0.50,0.19,0.50,portsweep.
cluster8:
0,tcp,telnet,S1,302,31786,0,0,0,0,0,1,198,1,2,218,0,0,1,0,0,0,1,1,1.00,1.00,0.00,0.00,1.00,0.00,0.00,103,18,0.17,0.05,0.01,0.00,0.01,0.06,0.00,0.00,normal.
9378,tcp,telnet,SF,592,95596,0,0,0,0,0,1,275,1,2,306,0,0,3,0,0,0,1,1,0.00,0.00,0.00,0.00,1.00,0.00,0.00,67,21,0.31,0.04,0.01,0.00,0.00,0.00,0.00,0.00,normal.
8625,tcp,telnet,SF,866,128974,0,0,0,0,0,1,538,1,2,605,0,0,5,0,0,0,1,1,0.00,0.00,0.00,0.00,1.00,0.00,0.00,255,11,0.04,0.06,0.00,0.00,0.87,0.00,0.01,0.18,normal.
13904,tcp,telnet,SF,427,47657,0,0,0,0,0,1,157,1,2,179,0,0,1,0,0,0,1,1,0.00,0.00,0.00,0.00,1.00,0.00,0.00,1,1,1.00,0.00,1.00,0.00,0.00,0.00,0.00,0.00,normal.
cluster5:
0,tcp,http,OTH,0,0,0,0,0,0,0,0,0,0,0,0,0,0,0,0,0,0,15,15,0.07,0.07,0.00,0.00,1.00,0.00,0.00,37,255,1.00,0.00,0.03,0.04,0.03,0.00,0.00,0.00,normal.
0,tcp,other,OTH,0,0,0,0,0,0,0,0,0,0,0,0,0,0,0,0,0,0,1,1,0.00,0.00,0.00,0.00,1.00,0.00,0.00,255,1,0.00,1.00,1.00,0.00,0.00,0.00,0.99,0.00,portsweep.
0,tcp,other,OTH,0,0,0,0,0,0,0,0,0,0,0,0,0,0,0,0,0,0,1,1,0.00,0.00,0.00,0.00,1.00,0.00,0.00,255,1,0.00,1.00,1.00,0.00,0.00,0.00,1.00,0.00,portsweep.
0,tcp,private,OTH,0,0,0,0,0,0,0,0,0,0,0,0,0,0,0,0,0,0,1,1,0.00,0.00,0.00,0.00,1.00,0.00,0.00,99,1,0.01,0.05,0.01,0.00,0.00,0.00,0.00,0.00,portsweep.
0,tcp,private,OTH,0,0,0,0,0,0,0,0,0,0,0,0,0,0,0,0,0,0,1,1,0.00,0.00,0.00,0.00,1.00,0.00,0.00,145,1,0.01,0.67,0.67,0.00,0.04,0.00,0.64,0.00,portsweep.
0,tcp,private,OTH,0,0,0,0,0,0,0,0,0,0,0,0,0,0,0,0,0,0,1,1,0.00,0.00,0.00,0.00,1.00,0.00,0.00,153,1,0.01,0.69,0.69,0.00,0.04,0.00,0.63,0.00,portsweep.
0,tcp,nntp,OTH,0,0,0,0,0,0,0,0,0,0,0,0,0,0,0,0,0,0,1,1,0.00,0.00,0.00,0.00,1.00,0.00,0.00,163,1,0.01,0.71,0.71,0.00,0.04,0.00,0.63,0.00,portsweep.
0,tcp,private,OTH,0,0,0,0,0,0,0,0,0,0,0,0,0,0,0,0,0,0,1,1,0.00,0.00,0.00,0.00,1.00,0.00,0.00,177,1,0.01,0.73,0.73,0.00,0.03,0.00,0.63,0.00,portsweep.
0,tcp,private,OTH,0,0,0,0,0,0,0,0,0,0,0,0,0,0,0,0,0,0,1,1,0.00,0.00,0.00,0.00,1.00,0.00,0.00,185,1,0.01,0.74,0.74,0.00,0.03,0.00,0.63,0.00,portsweep.
0,tcp,private,OTH,0,0,0,0,0,0,0,0,0,0,0,0,0,0,0,0,0,0,1,1,0.00,0.00,0.00,0.00,1.00,0.00,0.00,188,1,0.01,0.74,0.74,0.00,0.03,0.00,0.62,0.00,portsweep.
cluster2:
0,tcp,efs,S0,0,0,0,0,0,0,0,0,0,0,0,0,0,0,0,0,0,0,98,20,1.00,1.00,0.00,0.00,0.20,0.06,0.00,255,20,0.08,0.07,0.00,0.00,1.00,1.00,0.00,0.00,neptune.
0,tcp,efs,S0,0,0,0,0,0,0,0,0,0,0,0,0,0,0,0,0,0,0,118,3,1.00,1.00,0.00,0.00,0.03,0.06,0.00,255,3,0.01,0.06,0.00,0.00,1.00,1.00,0.00,0.00,neptune.
0,tcp,efs,S0,0,0,0,0,0,0,0,0,0,0,0,0,0,0,0,0,0,0,112,2,1.00,1.00,0.00,0.00,0.02,0.06,0.00,255,2,0.01,0.06,0.00,0.00,1.00,1.00,0.00,0.00,neptune.
0,tcp,efs,S0,0,0,0,0,0,0,0,0,0,0,0,0,0,0,0,0,0,0,130,20,1.00,1.00,0.00,0.00,0.15,0.05,0.00,255,20,0.08,0.06,0.00,0.00,1.00,1.00,0.00,0.00,neptune.
0,tcp,efs,S0,0,0,0,0,0,0,0,0,0,0,0,0,0,0,0,0,0,0,134,10,1.00,1.00,0.00,0.00,0.07,0.06,0.00,255,10,0.04,0.06,0.00,0.00,1.00,1.00,0.00,0.00,neptune.
0,tcp,efs,S0,0,0,0,0,0,0,0,0,0,0,0,0,0,0,0,0,0,0,138,14,1.00,1.00,0.00,0.00,0.10,0.06,0.00,255,14,0.05,0.06,0.00,0.00,1.00,1.00,0.00,0.00,neptune.
0,tcp,efs,S0,0,0,0,0,0,0,0,0,0,0,0,0,0,0,0,0,0,0,141,17,1.00,1.00,0.00,0.00,0.12,0.06,0.00,255,17,0.07,0.06,0.00,0.00,1.00,1.00,0.00,0.00,neptune.
0,tcp,efs,S0,0,0,0,0,0,0,0,0,0,0,0,0,0,0,0,0,0,0,116,11,1.00,1.00,0.00,0.00,0.09,0.06,0.00,255,11,0.04,0.06,0.00,0.00,1.00,1.00,0.00,0.00,neptune.
0,tcp,efs,S0,0,0,0,0,0,0,0,0,0,0,0,0,0,0,0,0,0,0,120,15,1.00,1.00,0.00,0.00,0.12,0.06,0.00,255,15,0.06,0.07,0.00,0.00,1.00,1.00,0.00,0.00,neptune.
0,tcp,efs,S0,0,0,0,0,0,0,0,0,0,0,0,0,0,0,0,0,0,0,123,18,1.00,1.00,0.00,0.00,0.15,0.06,0.00,255,18,0.07,0.06,0.00,0.00,1.00,1.00,0.00,0.00,neptune.
